-1000 -1000 -1000 1000 1000 1000
40
0 100 5 -238.756 -469.466 -299.356 0 0 0
1 100 5 -22.0528 -423.527 -53.6388 0 0 0
2 100 5 -404.061 -376.149 -315.496 0 0 0
3 100 5 -332.547 -113.104 -474.406 0 0 0
4 100 5 -378.69 -376.063 -119.091 0 0 0
5 100 5 -261.403 -373.812 -321.352 0 0 0
6 100 5 -247.43 -340.351 -227.495 0 0 0
7 100 5 -298.439 -286.602 -288.48 0 0 0
8 100 5 -229.924 -115.943 -15.9626 0 0 0
9 100 5 -32.6462 -351.666 -388.684 0 0 0
10 100 5 403.33 188.114 354.706 0 0 0
11 100 5 214.208 127.489 345.046 0 0 0
12 100 5 412.298 398.312 213.061 0 0 0
13 100 5 135.144 21.7487 239.497 0 0 0
14 100 5 321.98 248.525 80.9382 0 0 0
15 100 5 295.33 199.851 468.091 0 0 0
16 100 5 450.889 68.9855 189.266 0 0 0
17 100 5 79.5958 229.772 360.591 0 0 0
18 100 5 213.502 420.819 254.942 0 0 0
19 100 5 482.961 418.968 464.541 0 0 0
20 100 5 241.389 232.52 314.737 0 0 0
21 100 5 256.535 443.012 280.325 0 0 0
22 100 5 300.743 139.918 35.6194 0 0 0
23 100 5 194.263 247.017 74.9952 0 0 0
24 100 5 228.572 480.99 179.624 0 0 0
25 100 5 179.386 276.501 490.965 0 0 0
26 100 5 247.861 65.8398 90.7215 0 0 0
27 100 5 296.471 446.228 42.4421 0 0 0
28 100 5 178.452 213.16 479.186 0 0 0
29 100 5 361.804 307.238 62.4081 0 0 0
30 100 5 -14.0228 106.812 339.642 0 0 0
31 100 5 -236.392 8.29067 43.6353 0 0 0
32 100 5 -82.3778 96.1976 477.968 0 0 0
33 100 5 -293.74 319.648 63.2061 0 0 0
34 100 5 -427.729 375.827 89.4645 0 0 0
35 100 5 -214.598 437.322 79.3664 0 0 0
36 100 5 -420.232 31.938 313.363 0 0 0
37 100 5 -493.083 468.366 431.08 0 0 0
38 100 5 -1.85336 410.042 305.107 0 0 0
39 100 5 -340.978 129.443 327.452 0 0 0